-- values (13,3,2794706,51168,1,1,13,1)				
-- values (14,3,2794706,51168,1,2,14,14)				
-- values (15,3,2794706,51168,1,3,15,15)				
-- values (16,3,2794706,51168,1,4,16,16)				
-- values (17,3,2794706,51168,1,5,17,20)				
-- values (18,3,2794706,51168,1,6,18,18)				
-- values (19,3,2794706,51168,1,7,18,19)				
-- values (20,3,2794706,51168,1,8,19,17)				
-- values (21,3,2794706,51168,1,9,20,2)				
-- 100 bytes				
-- values (22,3,2794706,51168,2,1,21,12)				Alternate
-- values (23,3,2794706,51168,2,2,21,13)				
-- values (24,3,2794706,51168,2,3,22,6)				
-- values (25,3,2794706,51168,2,4,23,3)				
-- values (26,3,2794706,51168,2,5,23,5)				
-- 160 bytes now start over				
-- values (27,3,2794706,51168,3,1,24,7)				
-- values (28,3,2794706,51168,3,2,25,7)				
-- values (29,3,2794706,51168,3,3,26,8)				
-- values (30,3,2794706,51168,3,4,26,9)				Alternate
-- values (31,3,2794706,51168,3,5,27,10)				
-- values (32,3,2794706,51168,3,6,28,11)							